            33        -0.075    -0.0703125     -0.065625    -0.0609375      -0.05625    -0.0515625     -0.046875    -0.0421875       -0.0375    -0.0328125     -0.028125    -0.0234375      -0.01875    -0.0140625     -0.009375    -0.0046875             0     0.0046875      0.009375     0.0140625       0.01875     0.0234375      0.028125     0.0328125        0.0375     0.0421875      0.046875     0.0515625       0.05625     0.0609375      0.065625     0.0703125         0.075
            33        -0.075    -0.0703125     -0.065625    -0.0609375      -0.05625    -0.0515625     -0.046875    -0.0421875       -0.0375    -0.0328125     -0.028125    -0.0234375      -0.01875    -0.0140625     -0.009375    -0.0046875             0     0.0046875      0.009375     0.0140625       0.01875     0.0234375      0.028125     0.0328125        0.0375     0.0421875      0.046875     0.0515625       0.05625     0.0609375      0.065625     0.0703125         0.075
           100             0      0.007576      0.015152      0.022727      0.030303      0.037879      0.045455       0.05303      0.060606      0.068182      0.075758      0.083333      0.090909      0.098485      0.106061      0.113636      0.121212      0.128788      0.136364      0.143939      0.151515      0.159091      0.166667      0.174242      0.181818      0.189394       0.19697      0.204545      0.212121      0.219697      0.227273      0.234848      0.242424          0.25      0.257576      0.265152      0.272727      0.280303      0.287879      0.295455       0.30303      0.310606      0.318182      0.325758      0.333333      0.340909      0.348485      0.356061      0.363636      0.371212      0.378788      0.386364      0.393939      0.401515      0.409091      0.416667      0.424242      0.431818      0.439394       0.44697      0.454545      0.462121      0.469697      0.477273      0.484848      0.492424           0.5      0.507576      0.515152      0.522727      0.530303      0.537879      0.545455       0.55303      0.560606      0.568182      0.575758      0.583333      0.590909      0.598485      0.606061      0.613636      0.621212      0.628788      0.636364      0.643939      0.651515      0.659091      0.666667      0.674242      0.681818      0.689394       0.69697      0.704545      0.712121      0.719697      0.727273      0.734848      0.742424          0.75
         0.008         0.008         0.008         0.008         0.008         0.008         0.008         0.008         0.008         0.008         0.008         0.008         0.008         0.008         0.008         0.008         0.008         0.008         0.008         0.008         0.008         0.008         0.008         0.008         0.008         0.008         0.008         0.008         0.008         0.008         0.008         0.008         0.008
         0.008         0.008         0.008         0.008         0.008         0.008         0.008         0.008         0.008         0.008         0.008    0.00471032    0.00034194   -0.00264376   -0.00458796   -0.00568908   -0.00604627   -0.00568908   -0.00458796   -0.00264376    0.00034194    0.00471032         0.008         0.008         0.008         0.008         0.008         0.008         0.008         0.008         0.008         0.008         0.008
         0.008         0.008         0.008         0.008         0.008         0.008         0.008         0.008         0.008    0.00220455   -0.00343882   -0.00743068    -0.0103392    -0.0124819    -0.0139916    -0.0148934    -0.0151934    -0.0148934    -0.0139916    -0.0124819    -0.0103392   -0.00743068   -0.00343882    0.00220455         0.008         0.008         0.008         0.008         0.008         0.008         0.008         0.008         0.008
         0.008         0.008         0.008         0.008         0.008         0.008         0.008    0.00471032    -0.0030443   -0.00842774    -0.0124819    -0.0157924    -0.0184743    -0.0205476    -0.0220244    -0.0229101    -0.0232054    -0.0229101    -0.0220244    -0.0205476    -0.0184743    -0.0157924    -0.0124819   -0.00842774    -0.0030443    0.00471032         0.008         0.008         0.008         0.008         0.008         0.008         0.008
         0.008         0.008         0.008         0.008         0.008         0.008    0.00172748   -0.00604627    -0.0115706    -0.0160915    -0.0199561    -0.0232054    -0.0258691    -0.0279562     -0.029459    -0.0303666    -0.0306702    -0.0303666     -0.029459    -0.0279562    -0.0258691    -0.0232054    -0.0199561    -0.0160915    -0.0115706   -0.00604627    0.00172748         0.008         0.008         0.008         0.008         0.008         0.008
         0.008         0.008         0.008         0.008         0.008   0.000796324   -0.00743068    -0.0133888    -0.0184743    -0.0229101    -0.0267614    -0.0300635    -0.0328126    -0.0349876     -0.036561    -0.0375129    -0.0378315    -0.0375129     -0.036561    -0.0349876    -0.0328126    -0.0300635    -0.0267614    -0.0229101    -0.0184743    -0.0133888   -0.00743068   0.000796324         0.008         0.008         0.008         0.008         0.008
         0.008         0.008         0.008         0.008    0.00172748   -0.00743068    -0.0139916    -0.0196601    -0.0246834    -0.0291575    -0.0331213     -0.036561    -0.0394343    -0.0417113    -0.0433677     -0.044376    -0.0447146     -0.044376    -0.0433677    -0.0417113    -0.0394343     -0.036561    -0.0331213    -0.0291575    -0.0246834    -0.0196601    -0.0139916   -0.00743068    0.00172748         0.008         0.008         0.008         0.008
         0.008         0.008         0.008    0.00471032   -0.00604627    -0.0133888    -0.0196601    -0.0252758    -0.0303666    -0.0349876    -0.0391124    -0.0427017    -0.0457371    -0.0481491    -0.0498783    -0.0509137    -0.0512591    -0.0509137    -0.0498783    -0.0481491    -0.0457371    -0.0427017    -0.0391124    -0.0349876    -0.0303666    -0.0252758    -0.0196601    -0.0133888   -0.00604627    0.00471032         0.008         0.008         0.008
         0.008         0.008         0.008    -0.0030443    -0.0115706    -0.0184743    -0.0246834    -0.0303666     -0.035615    -0.0404049    -0.0447146    -0.0484951    -0.0516049     -0.054054    -0.0558612    -0.0569712     -0.057344    -0.0569712    -0.0558612     -0.054054    -0.0516049    -0.0484951    -0.0447146    -0.0404049     -0.035615    -0.0303666    -0.0246834    -0.0184743    -0.0115706    -0.0030443         0.008         0.008         0.008
         0.008         0.008    0.00220455   -0.00842774    -0.0160915    -0.0229101    -0.0291575    -0.0349876    -0.0404049    -0.0453952    -0.0498783    -0.0536996    -0.0569712    -0.0595908    -0.0614476    -0.0625609    -0.0629339    -0.0625609    -0.0614476    -0.0595908    -0.0569712    -0.0536996    -0.0498783    -0.0453952    -0.0404049    -0.0349876    -0.0291575    -0.0229101    -0.0160915   -0.00842774    0.00220455         0.008         0.008
         0.008         0.008   -0.00343882    -0.0124819    -0.0199561    -0.0267614    -0.0331213    -0.0391124    -0.0447146    -0.0498783    -0.0544105    -0.0584672    -0.0618181    -0.0644478    -0.0664047    -0.0676008    -0.0680005    -0.0676008    -0.0664047    -0.0644478    -0.0618181    -0.0584672    -0.0544105    -0.0498783    -0.0447146    -0.0391124    -0.0331213    -0.0267614    -0.0199561    -0.0124819   -0.00343882         0.008         0.008
         0.008    0.00471032   -0.00743068    -0.0157924    -0.0232054    -0.0300635     -0.036561    -0.0427017    -0.0484951    -0.0536996    -0.0584672    -0.0625609    -0.0660086    -0.0687983    -0.0707894    -0.0720056    -0.0724194    -0.0720056    -0.0707894    -0.0687983    -0.0660086    -0.0625609    -0.0584672    -0.0536996    -0.0484951    -0.0427017     -0.036561    -0.0300635    -0.0232054    -0.0157924   -0.00743068    0.00471032         0.008
         0.008    0.00034194    -0.0103392    -0.0184743    -0.0258691    -0.0328126    -0.0394343    -0.0457371    -0.0516049    -0.0569712    -0.0618181    -0.0660086    -0.0695934    -0.0724194    -0.0745394    -0.0758027    -0.0762134    -0.0758027    -0.0745394    -0.0724194    -0.0695934    -0.0660086    -0.0618181    -0.0569712    -0.0516049    -0.0457371    -0.0394343    -0.0328126    -0.0258691    -0.0184743    -0.0103392    0.00034194         0.008
         0.008   -0.00264376    -0.0124819    -0.0205476    -0.0279562    -0.0349876    -0.0417113    -0.0481491     -0.054054    -0.0595908    -0.0644478    -0.0687983    -0.0724194    -0.0753865     -0.077427    -0.0786597    -0.0790826    -0.0786597     -0.077427    -0.0753865    -0.0724194    -0.0687983    -0.0644478    -0.0595908     -0.054054    -0.0481491    -0.0417113    -0.0349876    -0.0279562    -0.0205476    -0.0124819   -0.00264376         0.008
         0.008   -0.00458796    -0.0139916    -0.0220244     -0.029459     -0.036561    -0.0433677    -0.0498783    -0.0558612    -0.0614476    -0.0664047    -0.0707894    -0.0745394     -0.077427    -0.0795093    -0.0807817    -0.0812011    -0.0807817    -0.0795093     -0.077427    -0.0745394    -0.0707894    -0.0664047    -0.0614476    -0.0558612    -0.0498783    -0.0433677     -0.036561     -0.029459    -0.0220244    -0.0139916   -0.00458796         0.008
         0.008   -0.00568908    -0.0148934    -0.0229101    -0.0303666    -0.0375129     -0.044376    -0.0509137    -0.0569712    -0.0625609    -0.0676008    -0.0720056    -0.0758027    -0.0786597    -0.0807817    -0.0820784    -0.0825566    -0.0820784    -0.0807817    -0.0786597    -0.0758027    -0.0720056    -0.0676008    -0.0625609    -0.0569712    -0.0509137     -0.044376    -0.0375129    -0.0303666    -0.0229101    -0.0148934   -0.00568908         0.008
         0.008   -0.00604627    -0.0151934    -0.0232054    -0.0306702    -0.0378315    -0.0447146    -0.0512591     -0.057344    -0.0629339    -0.0680005    -0.0724194    -0.0762134    -0.0790826    -0.0812011    -0.0825566        -0.083    -0.0825566    -0.0812011    -0.0790826    -0.0762134    -0.0724194    -0.0680005    -0.0629339     -0.057344    -0.0512591    -0.0447146    -0.0378315    -0.0306702    -0.0232054    -0.0151934   -0.00604627         0.008
         0.008   -0.00568908    -0.0148934    -0.0229101    -0.0303666    -0.0375129     -0.044376    -0.0509137    -0.0569712    -0.0625609    -0.0676008    -0.0720056    -0.0758027    -0.0786597    -0.0807817    -0.0820784    -0.0825566    -0.0820784    -0.0807817    -0.0786597    -0.0758027    -0.0720056    -0.0676008    -0.0625609    -0.0569712    -0.0509137     -0.044376    -0.0375129    -0.0303666    -0.0229101    -0.0148934   -0.00568908         0.008
         0.008   -0.00458796    -0.0139916    -0.0220244     -0.029459     -0.036561    -0.0433677    -0.0498783    -0.0558612    -0.0614476    -0.0664047    -0.0707894    -0.0745394     -0.077427    -0.0795093    -0.0807817    -0.0812011    -0.0807817    -0.0795093     -0.077427    -0.0745394    -0.0707894    -0.0664047    -0.0614476    -0.0558612    -0.0498783    -0.0433677     -0.036561     -0.029459    -0.0220244    -0.0139916   -0.00458796         0.008
         0.008   -0.00264376    -0.0124819    -0.0205476    -0.0279562    -0.0349876    -0.0417113    -0.0481491     -0.054054    -0.0595908    -0.0644478    -0.0687983    -0.0724194    -0.0753865     -0.077427    -0.0786597    -0.0790826    -0.0786597     -0.077427    -0.0753865    -0.0724194    -0.0687983    -0.0644478    -0.0595908     -0.054054    -0.0481491    -0.0417113    -0.0349876    -0.0279562    -0.0205476    -0.0124819   -0.00264376         0.008
         0.008    0.00034194    -0.0103392    -0.0184743    -0.0258691    -0.0328126    -0.0394343    -0.0457371    -0.0516049    -0.0569712    -0.0618181    -0.0660086    -0.0695934    -0.0724194    -0.0745394    -0.0758027    -0.0762134    -0.0758027    -0.0745394    -0.0724194    -0.0695934    -0.0660086    -0.0618181    -0.0569712    -0.0516049    -0.0457371    -0.0394343    -0.0328126    -0.0258691    -0.0184743    -0.0103392    0.00034194         0.008
         0.008    0.00471032   -0.00743068    -0.0157924    -0.0232054    -0.0300635     -0.036561    -0.0427017    -0.0484951    -0.0536996    -0.0584672    -0.0625609    -0.0660086    -0.0687983    -0.0707894    -0.0720056    -0.0724194    -0.0720056    -0.0707894    -0.0687983    -0.0660086    -0.0625609    -0.0584672    -0.0536996    -0.0484951    -0.0427017     -0.036561    -0.0300635    -0.0232054    -0.0157924   -0.00743068    0.00471032         0.008
         0.008         0.008   -0.00343882    -0.0124819    -0.0199561    -0.0267614    -0.0331213    -0.0391124    -0.0447146    -0.0498783    -0.0544105    -0.0584672    -0.0618181    -0.0644478    -0.0664047    -0.0676008    -0.0680005    -0.0676008    -0.0664047    -0.0644478    -0.0618181    -0.0584672    -0.0544105    -0.0498783    -0.0447146    -0.0391124    -0.0331213    -0.0267614    -0.0199561    -0.0124819   -0.00343882         0.008         0.008
         0.008         0.008    0.00220455   -0.00842774    -0.0160915    -0.0229101    -0.0291575    -0.0349876    -0.0404049    -0.0453952    -0.0498783    -0.0536996    -0.0569712    -0.0595908    -0.0614476    -0.0625609    -0.0629339    -0.0625609    -0.0614476    -0.0595908    -0.0569712    -0.0536996    -0.0498783    -0.0453952    -0.0404049    -0.0349876    -0.0291575    -0.0229101    -0.0160915   -0.00842774    0.00220455         0.008         0.008
         0.008         0.008         0.008    -0.0030443    -0.0115706    -0.0184743    -0.0246834    -0.0303666     -0.035615    -0.0404049    -0.0447146    -0.0484951    -0.0516049     -0.054054    -0.0558612    -0.0569712     -0.057344    -0.0569712    -0.0558612     -0.054054    -0.0516049    -0.0484951    -0.0447146    -0.0404049     -0.035615    -0.0303666    -0.0246834    -0.0184743    -0.0115706    -0.0030443         0.008         0.008         0.008
         0.008         0.008         0.008    0.00471032   -0.00604627    -0.0133888    -0.0196601    -0.0252758    -0.0303666    -0.0349876    -0.0391124    -0.0427017    -0.0457371    -0.0481491    -0.0498783    -0.0509137    -0.0512591    -0.0509137    -0.0498783    -0.0481491    -0.0457371    -0.0427017    -0.0391124    -0.0349876    -0.0303666    -0.0252758    -0.0196601    -0.0133888   -0.00604627    0.00471032         0.008         0.008         0.008
         0.008         0.008         0.008         0.008    0.00172748   -0.00743068    -0.0139916    -0.0196601    -0.0246834    -0.0291575    -0.0331213     -0.036561    -0.0394343    -0.0417113    -0.0433677     -0.044376    -0.0447146     -0.044376    -0.0433677    -0.0417113    -0.0394343     -0.036561    -0.0331213    -0.0291575    -0.0246834    -0.0196601    -0.0139916   -0.00743068    0.00172748         0.008         0.008         0.008         0.008
         0.008         0.008         0.008         0.008         0.008   0.000796324   -0.00743068    -0.0133888    -0.0184743    -0.0229101    -0.0267614    -0.0300635    -0.0328126    -0.0349876     -0.036561    -0.0375129    -0.0378315    -0.0375129     -0.036561    -0.0349876    -0.0328126    -0.0300635    -0.0267614    -0.0229101    -0.0184743    -0.0133888   -0.00743068   0.000796324         0.008         0.008         0.008         0.008         0.008
         0.008         0.008         0.008         0.008         0.008         0.008    0.00172748   -0.00604627    -0.0115706    -0.0160915    -0.0199561    -0.0232054    -0.0258691    -0.0279562     -0.029459    -0.0303666    -0.0306702    -0.0303666     -0.029459    -0.0279562    -0.0258691    -0.0232054    -0.0199561    -0.0160915    -0.0115706   -0.00604627    0.00172748         0.008         0.008         0.008         0.008         0.008         0.008
         0.008         0.008         0.008         0.008         0.008         0.008         0.008    0.00471032    -0.0030443   -0.00842774    -0.0124819    -0.0157924    -0.0184743    -0.0205476    -0.0220244    -0.0229101    -0.0232054    -0.0229101    -0.0220244    -0.0205476    -0.0184743    -0.0157924    -0.0124819   -0.00842774    -0.0030443    0.00471032         0.008         0.008         0.008         0.008         0.008         0.008         0.008
         0.008         0.008         0.008         0.008         0.008         0.008         0.008         0.008         0.008    0.00220455   -0.00343882   -0.00743068    -0.0103392    -0.0124819    -0.0139916    -0.0148934    -0.0151934    -0.0148934    -0.0139916    -0.0124819    -0.0103392   -0.00743068   -0.00343882    0.00220455         0.008         0.008         0.008         0.008         0.008         0.008         0.008         0.008         0.008
         0.008         0.008         0.008         0.008         0.008         0.008         0.008         0.008         0.008         0.008         0.008    0.00471032    0.00034194   -0.00264376   -0.00458796   -0.00568908   -0.00604627   -0.00568908   -0.00458796   -0.00264376    0.00034194    0.00471032         0.008         0.008         0.008         0.008         0.008         0.008         0.008         0.008         0.008         0.008         0.008
         0.008         0.008         0.008         0.008         0.008         0.008         0.008         0.008         0.008         0.008         0.008         0.008         0.008         0.008         0.008         0.008         0.008         0.008         0.008         0.008         0.008         0.008         0.008         0.008         0.008         0.008         0.008         0.008         0.008         0.008         0.008         0.008         0.008
       -0.0095       -0.0095       -0.0095       -0.0095       -0.0095       -0.0095       -0.0095       -0.0095       -0.0095       -0.0095       -0.0095       -0.0095       -0.0095       -0.0095       -0.0095       -0.0095       -0.0095       -0.0095       -0.0095       -0.0095       -0.0095       -0.0095       -0.0095       -0.0095       -0.0095       -0.0095       -0.0095       -0.0095       -0.0095       -0.0095       -0.0095       -0.0095       -0.0095
       -0.0095       -0.0095       -0.0095       -0.0095       -0.0095       -0.0095       -0.0095       -0.0095       -0.0095       -0.0095       -0.0095   -0.00688905   -0.00509492   -0.00520385   -0.00594456   -0.00660994    -0.0068639   -0.00660994   -0.00594456   -0.00520385   -0.00509492   -0.00688905       -0.0095       -0.0095       -0.0095       -0.0095       -0.0095       -0.0095       -0.0095       -0.0095       -0.0095       -0.0095       -0.0095
       -0.0095       -0.0095       -0.0095       -0.0095       -0.0095       -0.0095       -0.0095       -0.0095       -0.0095   -0.00559998   -0.00544034   -0.00801892     -0.011197    -0.0138774    -0.0157176    -0.0167839    -0.0171344    -0.0167839    -0.0157176    -0.0138774     -0.011197   -0.00801892   -0.00544034   -0.00559998       -0.0095       -0.0095       -0.0095       -0.0095       -0.0095       -0.0095       -0.0095       -0.0095       -0.0095
       -0.0095       -0.0095       -0.0095       -0.0095       -0.0095       -0.0095       -0.0095   -0.00688905   -0.00531164   -0.00900774    -0.0138774    -0.0178294     -0.020909    -0.0233398    -0.0251271    -0.0262178    -0.0265842    -0.0262178    -0.0251271    -0.0233398     -0.020909    -0.0178294    -0.0138774   -0.00900774   -0.00531164   -0.00688905       -0.0095       -0.0095       -0.0095       -0.0095       -0.0095       -0.0095       -0.0095
       -0.0095       -0.0095       -0.0095       -0.0095       -0.0095       -0.0095   -0.00543174    -0.0068639    -0.0127319    -0.0181744    -0.0226367    -0.0265842     -0.029934    -0.0325891    -0.0345068    -0.0356651    -0.0360523    -0.0356651    -0.0345068    -0.0325891     -0.029934    -0.0265842    -0.0226367    -0.0181744    -0.0127319    -0.0068639   -0.00543174       -0.0095       -0.0095       -0.0095       -0.0095       -0.0095       -0.0095
       -0.0095       -0.0095       -0.0095       -0.0095       -0.0095   -0.00517985   -0.00801892    -0.0149921     -0.020909    -0.0262178    -0.0310674    -0.0352784    -0.0387775    -0.0415303    -0.0435205     -0.044727    -0.0451315     -0.044727    -0.0435205    -0.0415303    -0.0387775    -0.0352784    -0.0310674    -0.0262178     -0.020909    -0.0149921   -0.00801892   -0.00517985       -0.0095       -0.0095       -0.0095       -0.0095       -0.0095
       -0.0095       -0.0095       -0.0095       -0.0095   -0.00543174   -0.00801892    -0.0157176    -0.0222879    -0.0284346     -0.034122    -0.0391689    -0.0435205    -0.0471736    -0.0500846     -0.052197    -0.0534762    -0.0539044    -0.0534762     -0.052197    -0.0500846    -0.0471736    -0.0435205    -0.0391689     -0.034122    -0.0284346    -0.0222879    -0.0157176   -0.00801892   -0.00543174       -0.0095       -0.0095       -0.0095       -0.0095
       -0.0095       -0.0095       -0.0095   -0.00688905    -0.0068639    -0.0149921    -0.0222879    -0.0291824    -0.0356651    -0.0415303    -0.0467626     -0.051349    -0.0551948    -0.0582438    -0.0604595    -0.0618061     -0.062258    -0.0618061    -0.0604595    -0.0582438    -0.0551948     -0.051349    -0.0467626    -0.0415303    -0.0356651    -0.0291824    -0.0222879    -0.0149921    -0.0068639   -0.00688905       -0.0095       -0.0095       -0.0095
       -0.0095       -0.0095       -0.0095   -0.00531164    -0.0127319     -0.020909    -0.0284346    -0.0356651    -0.0423236    -0.0484141    -0.0539044    -0.0586842    -0.0627113    -0.0659274    -0.0682712    -0.0696933    -0.0701692    -0.0696933    -0.0682712    -0.0659274    -0.0627113    -0.0586842    -0.0539044    -0.0484141    -0.0423236    -0.0356651    -0.0284346     -0.020909    -0.0127319   -0.00531164       -0.0095       -0.0095       -0.0095
       -0.0095       -0.0095   -0.00559998   -0.00900774    -0.0181744    -0.0262178     -0.034122    -0.0415303    -0.0484141    -0.0547637    -0.0604595    -0.0654633    -0.0696933    -0.0730326    -0.0754159    -0.0768527    -0.0773349    -0.0768527    -0.0754159    -0.0730326    -0.0696933    -0.0654633    -0.0604595    -0.0547637    -0.0484141    -0.0415303     -0.034122    -0.0262178    -0.0181744   -0.00900774   -0.00559998       -0.0095       -0.0095
       -0.0095       -0.0095   -0.00544034    -0.0138774    -0.0226367    -0.0310674    -0.0391689    -0.0467626    -0.0539044    -0.0604595    -0.0663931    -0.0716001    -0.0758936    -0.0792907      -0.08181    -0.0833461    -0.0838591    -0.0833461      -0.08181    -0.0792907    -0.0758936    -0.0716001    -0.0663931    -0.0604595    -0.0539044    -0.0467626    -0.0391689    -0.0310674    -0.0226367    -0.0138774   -0.00544034       -0.0095       -0.0095
       -0.0095   -0.00688905   -0.00801892    -0.0178294    -0.0265842    -0.0352784    -0.0435205     -0.051349    -0.0586842    -0.0654633    -0.0716001    -0.0768527    -0.0813008    -0.0848828    -0.0874271     -0.088958     -0.089472     -0.088958    -0.0874271    -0.0848828    -0.0813008    -0.0768527    -0.0716001    -0.0654633    -0.0586842     -0.051349    -0.0435205    -0.0352784    -0.0265842    -0.0178294   -0.00801892   -0.00688905       -0.0095
       -0.0095   -0.00509492     -0.011197     -0.020909     -0.029934    -0.0387775    -0.0471736    -0.0551948    -0.0627113    -0.0696933    -0.0758936    -0.0813008    -0.0859019     -0.089472     -0.092085    -0.0936943    -0.0942386    -0.0936943     -0.092085     -0.089472    -0.0859019    -0.0813008    -0.0758936    -0.0696933    -0.0627113    -0.0551948    -0.0471736    -0.0387775     -0.029934     -0.020909     -0.011197   -0.00509492       -0.0095
       -0.0095   -0.00520385    -0.0138774    -0.0233398    -0.0325891    -0.0415303    -0.0500846    -0.0582438    -0.0659274    -0.0730326    -0.0792907    -0.0848828     -0.089472    -0.0931538    -0.0958876    -0.0975385    -0.0980844    -0.0975385    -0.0958876    -0.0931538     -0.089472    -0.0848828    -0.0792907    -0.0730326    -0.0659274    -0.0582438    -0.0500846    -0.0415303    -0.0325891    -0.0233398    -0.0138774   -0.00520385       -0.0095
       -0.0095   -0.00594456    -0.0157176    -0.0251271    -0.0345068    -0.0435205     -0.052197    -0.0604595    -0.0682712    -0.0754159      -0.08181    -0.0874271     -0.092085    -0.0958876    -0.0986276     -0.100239     -0.100773     -0.100239    -0.0986276    -0.0958876     -0.092085    -0.0874271      -0.08181    -0.0754159    -0.0682712    -0.0604595     -0.052197    -0.0435205    -0.0345068    -0.0251271    -0.0157176   -0.00594456       -0.0095
       -0.0095   -0.00660994    -0.0167839    -0.0262178    -0.0356651     -0.044727    -0.0534762    -0.0618061    -0.0696933    -0.0768527    -0.0833461     -0.088958    -0.0936943    -0.0975385     -0.100239     -0.101862     -0.102431     -0.101862     -0.100239    -0.0975385    -0.0936943     -0.088958    -0.0833461    -0.0768527    -0.0696933    -0.0618061    -0.0534762     -0.044727    -0.0356651    -0.0262178    -0.0167839   -0.00660994       -0.0095
       -0.0095    -0.0068639    -0.0171344    -0.0265842    -0.0360523    -0.0451315    -0.0539044     -0.062258    -0.0701692    -0.0773349    -0.0838591     -0.089472    -0.0942386    -0.0980844     -0.100773     -0.102431        -0.103     -0.102431     -0.100773    -0.0980844    -0.0942386     -0.089472    -0.0838591    -0.0773349    -0.0701692     -0.062258    -0.0539044    -0.0451315    -0.0360523    -0.0265842    -0.0171344    -0.0068639       -0.0095
       -0.0095   -0.00660994    -0.0167839    -0.0262178    -0.0356651     -0.044727    -0.0534762    -0.0618061    -0.0696933    -0.0768527    -0.0833461     -0.088958    -0.0936943    -0.0975385     -0.100239     -0.101862     -0.102431     -0.101862     -0.100239    -0.0975385    -0.0936943     -0.088958    -0.0833461    -0.0768527    -0.0696933    -0.0618061    -0.0534762     -0.044727    -0.0356651    -0.0262178    -0.0167839   -0.00660994       -0.0095
       -0.0095   -0.00594456    -0.0157176    -0.0251271    -0.0345068    -0.0435205     -0.052197    -0.0604595    -0.0682712    -0.0754159      -0.08181    -0.0874271     -0.092085    -0.0958876    -0.0986276     -0.100239     -0.100773     -0.100239    -0.0986276    -0.0958876     -0.092085    -0.0874271      -0.08181    -0.0754159    -0.0682712    -0.0604595     -0.052197    -0.0435205    -0.0345068    -0.0251271    -0.0157176   -0.00594456       -0.0095
       -0.0095   -0.00520385    -0.0138774    -0.0233398    -0.0325891    -0.0415303    -0.0500846    -0.0582438    -0.0659274    -0.0730326    -0.0792907    -0.0848828     -0.089472    -0.0931538    -0.0958876    -0.0975385    -0.0980844    -0.0975385    -0.0958876    -0.0931538     -0.089472    -0.0848828    -0.0792907    -0.0730326    -0.0659274    -0.0582438    -0.0500846    -0.0415303    -0.0325891    -0.0233398    -0.0138774   -0.00520385       -0.0095
       -0.0095   -0.00509492     -0.011197     -0.020909     -0.029934    -0.0387775    -0.0471736    -0.0551948    -0.0627113    -0.0696933    -0.0758936    -0.0813008    -0.0859019     -0.089472     -0.092085    -0.0936943    -0.0942386    -0.0936943     -0.092085     -0.089472    -0.0859019    -0.0813008    -0.0758936    -0.0696933    -0.0627113    -0.0551948    -0.0471736    -0.0387775     -0.029934     -0.020909     -0.011197   -0.00509492       -0.0095
       -0.0095   -0.00688905   -0.00801892    -0.0178294    -0.0265842    -0.0352784    -0.0435205     -0.051349    -0.0586842    -0.0654633    -0.0716001    -0.0768527    -0.0813008    -0.0848828    -0.0874271     -0.088958     -0.089472     -0.088958    -0.0874271    -0.0848828    -0.0813008    -0.0768527    -0.0716001    -0.0654633    -0.0586842     -0.051349    -0.0435205    -0.0352784    -0.0265842    -0.0178294   -0.00801892   -0.00688905       -0.0095
       -0.0095       -0.0095   -0.00544034    -0.0138774    -0.0226367    -0.0310674    -0.0391689    -0.0467626    -0.0539044    -0.0604595    -0.0663931    -0.0716001    -0.0758936    -0.0792907      -0.08181    -0.0833461    -0.0838591    -0.0833461      -0.08181    -0.0792907    -0.0758936    -0.0716001    -0.0663931    -0.0604595    -0.0539044    -0.0467626    -0.0391689    -0.0310674    -0.0226367    -0.0138774   -0.00544034       -0.0095       -0.0095
       -0.0095       -0.0095   -0.00559998   -0.00900774    -0.0181744    -0.0262178     -0.034122    -0.0415303    -0.0484141    -0.0547637    -0.0604595    -0.0654633    -0.0696933    -0.0730326    -0.0754159    -0.0768527    -0.0773349    -0.0768527    -0.0754159    -0.0730326    -0.0696933    -0.0654633    -0.0604595    -0.0547637    -0.0484141    -0.0415303     -0.034122    -0.0262178    -0.0181744   -0.00900774   -0.00559998       -0.0095       -0.0095
       -0.0095       -0.0095       -0.0095   -0.00531164    -0.0127319     -0.020909    -0.0284346    -0.0356651    -0.0423236    -0.0484141    -0.0539044    -0.0586842    -0.0627113    -0.0659274    -0.0682712    -0.0696933    -0.0701692    -0.0696933    -0.0682712    -0.0659274    -0.0627113    -0.0586842    -0.0539044    -0.0484141    -0.0423236    -0.0356651    -0.0284346     -0.020909    -0.0127319   -0.00531164       -0.0095       -0.0095       -0.0095
       -0.0095       -0.0095       -0.0095   -0.00688905    -0.0068639    -0.0149921    -0.0222879    -0.0291824    -0.0356651    -0.0415303    -0.0467626     -0.051349    -0.0551948    -0.0582438    -0.0604595    -0.0618061     -0.062258    -0.0618061    -0.0604595    -0.0582438    -0.0551948     -0.051349    -0.0467626    -0.0415303    -0.0356651    -0.0291824    -0.0222879    -0.0149921    -0.0068639   -0.00688905       -0.0095       -0.0095       -0.0095
       -0.0095       -0.0095       -0.0095       -0.0095   -0.00543174   -0.00801892    -0.0157176    -0.0222879    -0.0284346     -0.034122    -0.0391689    -0.0435205    -0.0471736    -0.0500846     -0.052197    -0.0534762    -0.0539044    -0.0534762     -0.052197    -0.0500846    -0.0471736    -0.0435205    -0.0391689     -0.034122    -0.0284346    -0.0222879    -0.0157176   -0.00801892   -0.00543174       -0.0095       -0.0095       -0.0095       -0.0095
       -0.0095       -0.0095       -0.0095       -0.0095       -0.0095   -0.00517985   -0.00801892    -0.0149921     -0.020909    -0.0262178    -0.0310674    -0.0352784    -0.0387775    -0.0415303    -0.0435205     -0.044727    -0.0451315     -0.044727    -0.0435205    -0.0415303    -0.0387775    -0.0352784    -0.0310674    -0.0262178     -0.020909    -0.0149921   -0.00801892   -0.00517985       -0.0095       -0.0095       -0.0095       -0.0095       -0.0095
       -0.0095       -0.0095       -0.0095       -0.0095       -0.0095       -0.0095   -0.00543174    -0.0068639    -0.0127319    -0.0181744    -0.0226367    -0.0265842     -0.029934    -0.0325891    -0.0345068    -0.0356651    -0.0360523    -0.0356651    -0.0345068    -0.0325891     -0.029934    -0.0265842    -0.0226367    -0.0181744    -0.0127319    -0.0068639   -0.00543174       -0.0095       -0.0095       -0.0095       -0.0095       -0.0095       -0.0095
       -0.0095       -0.0095       -0.0095       -0.0095       -0.0095       -0.0095       -0.0095   -0.00688905   -0.00531164   -0.00900774    -0.0138774    -0.0178294     -0.020909    -0.0233398    -0.0251271    -0.0262178    -0.0265842    -0.0262178    -0.0251271    -0.0233398     -0.020909    -0.0178294    -0.0138774   -0.00900774   -0.00531164   -0.00688905       -0.0095       -0.0095       -0.0095       -0.0095       -0.0095       -0.0095       -0.0095
       -0.0095       -0.0095       -0.0095       -0.0095       -0.0095       -0.0095       -0.0095       -0.0095       -0.0095   -0.00559998   -0.00544034   -0.00801892     -0.011197    -0.0138774    -0.0157176    -0.0167839    -0.0171344    -0.0167839    -0.0157176    -0.0138774     -0.011197   -0.00801892   -0.00544034   -0.00559998       -0.0095       -0.0095       -0.0095       -0.0095       -0.0095       -0.0095       -0.0095       -0.0095       -0.0095
       -0.0095       -0.0095       -0.0095       -0.0095       -0.0095       -0.0095       -0.0095       -0.0095       -0.0095       -0.0095       -0.0095   -0.00688905   -0.00509492   -0.00520385   -0.00594456   -0.00660994    -0.0068639   -0.00660994   -0.00594456   -0.00520385   -0.00509492   -0.00688905       -0.0095       -0.0095       -0.0095       -0.0095       -0.0095       -0.0095       -0.0095       -0.0095       -0.0095       -0.0095       -0.0095
       -0.0095       -0.0095       -0.0095       -0.0095       -0.0095       -0.0095       -0.0095       -0.0095       -0.0095       -0.0095       -0.0095       -0.0095       -0.0095       -0.0095       -0.0095       -0.0095       -0.0095       -0.0095       -0.0095       -0.0095       -0.0095       -0.0095       -0.0095       -0.0095       -0.0095       -0.0095       -0.0095       -0.0095       -0.0095       -0.0095       -0.0095       -0.0095       -0.0095
        -0.052        -0.052        -0.052        -0.052        -0.052        -0.052        -0.052        -0.052        -0.052        -0.052        -0.052        -0.052        -0.052        -0.052        -0.052        -0.052        -0.052        -0.052        -0.052        -0.052        -0.052        -0.052        -0.052        -0.052        -0.052        -0.052        -0.052        -0.052        -0.052        -0.052        -0.052        -0.052        -0.052
        -0.052        -0.052        -0.052        -0.052        -0.052        -0.052        -0.052        -0.052        -0.052        -0.052        -0.052    -0.0341339    -0.0167943   -0.00998342   -0.00804055   -0.00784153     -0.007915   -0.00784153   -0.00804055   -0.00998342    -0.0167943    -0.0341339        -0.052        -0.052        -0.052        -0.052        -0.052        -0.052        -0.052        -0.052        -0.052        -0.052        -0.052
        -0.052        -0.052        -0.052        -0.052        -0.052        -0.052        -0.052        -0.052        -0.052    -0.0232004   -0.00894377   -0.00880895    -0.0132565    -0.0174664     -0.020027    -0.0213535    -0.0217678    -0.0213535     -0.020027    -0.0174664    -0.0132565   -0.00880895   -0.00894377    -0.0232004        -0.052        -0.052        -0.052        -0.052        -0.052        -0.052        -0.052        -0.052        -0.052
        -0.052        -0.052        -0.052        -0.052        -0.052        -0.052        -0.052    -0.0341339   -0.00941759    -0.0100016    -0.0174664    -0.0225622    -0.0258312    -0.0284907    -0.0306055    -0.0319414    -0.0323954    -0.0319414    -0.0306055    -0.0284907    -0.0258312    -0.0225622    -0.0174664    -0.0100016   -0.00941759    -0.0341339        -0.052        -0.052        -0.052        -0.052        -0.052        -0.052        -0.052
        -0.052        -0.052        -0.052        -0.052        -0.052        -0.052    -0.0214124     -0.007915    -0.0156986    -0.0229448     -0.027693    -0.0323954    -0.0365928    -0.0398729    -0.0422154    -0.0436292    -0.0441028    -0.0436292    -0.0422154    -0.0398729    -0.0365928    -0.0323954     -0.027693    -0.0229448    -0.0156986     -0.007915    -0.0214124        -0.052        -0.052        -0.052        -0.052        -0.052        -0.052
        -0.052        -0.052        -0.052        -0.052        -0.052    -0.0182123   -0.00880895     -0.019061    -0.0258312    -0.0319414    -0.0380011    -0.0431569    -0.0474672     -0.050933    -0.0534607    -0.0549935    -0.0555066    -0.0549935    -0.0534607     -0.050933    -0.0474672    -0.0431569    -0.0380011    -0.0319414    -0.0258312     -0.019061   -0.00880895    -0.0182123        -0.052        -0.052        -0.052        -0.052        -0.052
        -0.052        -0.052        -0.052        -0.052    -0.0214124   -0.00880895     -0.020027    -0.0273059    -0.0347118    -0.0417459    -0.0479563    -0.0534607    -0.0580857    -0.0617401    -0.0643903    -0.0659998    -0.0665399    -0.0659998    -0.0643903    -0.0617401    -0.0580857    -0.0534607    -0.0479563    -0.0417459    -0.0347118    -0.0273059     -0.020027   -0.00880895    -0.0214124        -0.052        -0.052        -0.052        -0.052
        -0.052        -0.052        -0.052    -0.0341339     -0.007915     -0.019061    -0.0273059    -0.0356514    -0.0436292     -0.050933    -0.0575681    -0.0633257    -0.0681708    -0.0720395    -0.0748572    -0.0765692    -0.0771431    -0.0765692    -0.0748572    -0.0720395    -0.0681708    -0.0633257    -0.0575681     -0.050933    -0.0436292    -0.0356514    -0.0273059     -0.019061     -0.007915    -0.0341339        -0.052        -0.052        -0.052
        -0.052        -0.052        -0.052   -0.00941759    -0.0156986    -0.0258312    -0.0347118    -0.0436292    -0.0519395    -0.0596449    -0.0665399    -0.0725994    -0.0777184    -0.0817811    -0.0847094     -0.086477    -0.0870689     -0.086477    -0.0847094    -0.0817811    -0.0777184    -0.0725994    -0.0665399    -0.0596449    -0.0519395    -0.0436292    -0.0347118    -0.0258312    -0.0156986   -0.00941759        -0.052        -0.052        -0.052
        -0.052        -0.052    -0.0232004    -0.0100016    -0.0229448    -0.0319414    -0.0417459     -0.050933    -0.0596449    -0.0676254    -0.0748572    -0.0811976     -0.086477    -0.0906601    -0.0937232    -0.0955914    -0.0962185    -0.0955914    -0.0937232    -0.0906601     -0.086477    -0.0811976    -0.0748572    -0.0676254    -0.0596449     -0.050933    -0.0417459    -0.0319414    -0.0229448    -0.0100016    -0.0232004        -0.052        -0.052
        -0.052        -0.052   -0.00894377    -0.0174664     -0.027693    -0.0380011    -0.0479563    -0.0575681    -0.0665399    -0.0748572    -0.0823654    -0.0888547    -0.0943436    -0.0987443     -0.101931     -0.103854     -0.104496     -0.103854     -0.101931    -0.0987443    -0.0943436    -0.0888547    -0.0823654    -0.0748572    -0.0665399    -0.0575681    -0.0479563    -0.0380011     -0.027693    -0.0174664   -0.00894377        -0.052        -0.052
        -0.052    -0.0341339   -0.00880895    -0.0225622    -0.0323954    -0.0431569    -0.0534607    -0.0633257    -0.0725994    -0.0811976    -0.0888547    -0.0955914     -0.101291     -0.105782     -0.109014     -0.110986     -0.111653     -0.110986     -0.109014     -0.105782     -0.101291    -0.0955914    -0.0888547    -0.0811976    -0.0725994    -0.0633257    -0.0534607    -0.0431569    -0.0323954    -0.0225622   -0.00880895    -0.0341339        -0.052
        -0.052    -0.0167943    -0.0132565    -0.0258312    -0.0365928    -0.0474672    -0.0580857    -0.0681708    -0.0777184     -0.086477    -0.0943436     -0.101291      -0.10707     -0.111653     -0.115048     -0.117095     -0.117771     -0.117095     -0.115048     -0.111653      -0.10707     -0.101291    -0.0943436     -0.086477    -0.0777184    -0.0681708    -0.0580857    -0.0474672    -0.0365928    -0.0258312    -0.0132565    -0.0167943        -0.052
        -0.052   -0.00998342    -0.0174664    -0.0284907    -0.0398729     -0.050933    -0.0617401    -0.0720395    -0.0817811    -0.0906601    -0.0987443     -0.105782     -0.111653     -0.116415     -0.119787     -0.121811     -0.122493     -0.121811     -0.119787     -0.116415     -0.111653     -0.105782    -0.0987443    -0.0906601    -0.0817811    -0.0720395    -0.0617401     -0.050933    -0.0398729    -0.0284907    -0.0174664   -0.00998342        -0.052
        -0.052   -0.00804055     -0.020027    -0.0306055    -0.0422154    -0.0534607    -0.0643903    -0.0748572    -0.0847094    -0.0937232     -0.101931     -0.109014     -0.115048     -0.119787     -0.123179     -0.125269     -0.125975     -0.125269     -0.123179     -0.119787     -0.115048     -0.109014     -0.101931    -0.0937232    -0.0847094    -0.0748572    -0.0643903    -0.0534607    -0.0422154    -0.0306055     -0.020027   -0.00804055        -0.052
